0 0.048333 0.738924 0.038333 0.072785
0 0.091667 0.710443 0.040000 0.063291
0 0.128750 0.611551 0.062500 0.090190
0 0.185417 0.641614 0.062500 0.083861
0 0.270417 0.680380 0.055833 0.069620
0 0.263750 0.746044 0.045833 0.068038
0 0.312500 0.747627 0.051667 0.096519
0 0.325417 0.556171 0.050833 0.102848
0 0.391250 0.549051 0.064167 0.117089
0 0.476250 0.442247 0.057500 0.109177
0 0.504167 0.578323 0.056667 0.083861
0 0.407500 0.800633 0.048333 0.113924
0 0.817917 0.209652 0.024167 0.064873
0 0.607917 0.558544 0.059167 0.085443
0 0.657500 0.596519 0.053333 0.082278
0 0.589583 0.727848 0.060833 0.101266
0 0.656667 0.753956 0.041667 0.061709
0 0.678333 0.856804 0.043333 0.071203
0 0.744167 0.871835 0.068333 0.098101
0 0.754167 0.534019 0.046667 0.064873
0 0.825833 0.469146 0.035000 0.052215
0 0.865417 0.498418 0.030833 0.060127
0 0.923333 0.560127 0.036667 0.056962
0 0.897917 0.620253 0.024167 0.047468
0 0.830000 0.673259 0.030000 0.049051
0 0.936667 0.590190 0.026667 0.060127
0 0.649583 0.678797 0.037500 0.069620
0 0.092083 0.463608 0.027500 0.056962
0 0.815000 0.572785 0.033333 0.053797
