0 0.119500 0.572500 0.051000 0.051000
0 0.123500 0.610500 0.045000 0.033000
0 0.152000 0.629500 0.048000 0.051000
0 0.203500 0.651500 0.049000 0.055000
0 0.205500 0.714500 0.047000 0.047000
0 0.207000 0.777500 0.064000 0.041000
0 0.235000 0.810500 0.048000 0.041000
0 0.482000 0.715000 0.056000 0.050000
0 0.515500 0.754500 0.055000 0.047000
0 0.459000 0.585500 0.060000 0.065000
0 0.570000 0.650500 0.062000 0.065000
0 0.643500 0.527500 0.073000 0.059000
0 0.574000 0.097500 0.052000 0.061000
0 0.591500 0.143500 0.043000 0.047000
0 0.095500 0.443000 0.051000 0.040000
