0 0.078177 0.778125 0.056020 0.086250
0 0.173495 0.780625 0.069398 0.083750
0 0.190635 0.648125 0.035117 0.063750
0 0.176839 0.701875 0.049331 0.051250
0 0.237876 0.700000 0.054348 0.072500
0 0.255017 0.610000 0.061873 0.062500
0 0.296405 0.686875 0.064381 0.073750
0 0.344900 0.570000 0.044314 0.055000
0 0.379599 0.591875 0.031773 0.041250
0 0.376672 0.694375 0.029264 0.036250
0 0.396739 0.723125 0.024247 0.036250
0 0.417224 0.720000 0.018395 0.045000
0 0.441890 0.656875 0.022575 0.038750
0 0.424331 0.428750 0.035953 0.055000
0 0.499582 0.520000 0.039298 0.047500
0 0.463211 0.633750 0.026756 0.037500
0 0.493311 0.586875 0.021739 0.041250
0 0.506689 0.655000 0.026756 0.042500
0 0.574415 0.685000 0.031773 0.055000
0 0.600334 0.677500 0.025084 0.040000
0 0.571070 0.295625 0.040134 0.046250
0 0.584448 0.354375 0.038462 0.041250
0 0.617893 0.460000 0.030100 0.040000
0 0.700669 0.346875 0.033445 0.038750
0 0.691054 0.531875 0.045987 0.041250
0 0.716973 0.608125 0.034281 0.033750
0 0.767977 0.675625 0.034281 0.033750
0 0.440217 0.625000 0.017559 0.030000
0 0.770067 0.589375 0.026756 0.028750
0 0.760870 0.490000 0.025084 0.032500
0 0.779264 0.608125 0.020067 0.023750
0 0.819398 0.635000 0.018395 0.025000
0 0.857860 0.590000 0.013378 0.025000
0 0.849916 0.628750 0.014214 0.022500
0 0.878344 0.572500 0.019231 0.022500
