0 0.021250 0.148125 0.040833 0.081250
0 0.726667 0.390625 0.170000 0.223750
0 0.927083 0.759375 0.097500 0.191250
0 0.557917 0.738750 0.124167 0.232500
0 0.405417 0.753750 0.142500 0.202500
0 0.512500 0.525625 0.151667 0.193750
0 0.307083 0.654375 0.100833 0.126250
0 0.407083 0.513750 0.104167 0.177500
0 0.437917 0.293750 0.125833 0.165000
0 0.368750 0.180625 0.107500 0.148750
0 0.337500 0.336875 0.098333 0.141250
0 0.037083 0.249375 0.044167 0.063750
0 0.134167 0.297500 0.035000 0.057500
0 0.429583 0.066875 0.049167 0.061250
