0 0.406000 0.195000 0.074000 0.078000
0 0.522500 0.200500 0.103000 0.103000
0 0.649000 0.102000 0.062000 0.088000
0 0.128000 0.372500 0.056000 0.053000
0 0.596500 0.362500 0.061000 0.063000
0 0.569500 0.496000 0.065000 0.068000
0 0.518500 0.846000 0.071000 0.066000
0 0.742000 0.564500 0.060000 0.057000
0 0.824500 0.424000 0.075000 0.078000
0 0.862000 0.543500 0.084000 0.069000
0 0.901000 0.521000 0.042000 0.046000
0 0.365000 0.522000 0.086000 0.094000
0 0.330500 0.460000 0.087000 0.066000
0 0.131500 0.602000 0.081000 0.068000
0 0.100500 0.573000 0.047000 0.050000
0 0.201000 0.614500 0.062000 0.083000
0 0.220500 0.705500 0.073000 0.065000
0 0.252500 0.777000 0.053000 0.052000
0 0.208000 0.816500 0.088000 0.069000
0 0.620500 0.864000 0.051000 0.058000
